RDA3
A
3
198146
197888
6
CP1252
1026
1
262153
1
b
238
2
1
262153
9
wrap_real
2
1
262153
4
base
2
13
1
14
254
2
526
316
-2.609289878450723
-1.722290025880918
3.803249787319348
5.831197870287895
0.4992673161593353
-7.027112384902583
-6.756517535134645
-5.002800961929136
1.201840395073954
2.800912915155995
-0.5718995734211552
-2.065819562806373
-7.328107466239031
-6.582446639631193
-7.338414561749152
-5.825800943439541
-3.385718491367301
-2.817309860441009
-1.822972750386222
-8.653935799633652
-4.284902717304372
0.8485996953687689
-8.366214883417515
-9.628444243509922
-1.072270069051742
-3.241663535674702
-6.738922840350956
-6.531476638587568
-9.721576683566095
-9.933832795876866
-11.1066343614919
-11.50141898942825
-8.675348332702605
-8.120185115017971
-10.05500840849733
-10.79931928911145
-11.97003326485256
-12.993456187331
-14.42426333875711
-14.19574201205007
-10.9393102871924
-5.979378493821978
-4.09520589670527
-11.12462443921444
-12.58755160424195
-11.94167625774204
-15.51887947048489
-12.28309230870581
-9.645147708512916
-11.57253611397176
-10.22953086843636
-9.273101227533818
-11.1947710531431
-11.2712147014523
-10.49433754209602
-10.99307521713104
-11.60729524265055
-10.4523376275253
-12.38590219531723
-14.54452588833539
-11.95538519374215
-9.684915685091163
-8.635025945178135
-8.789436105341743
-9.742291495595929
-7.899687496823981
-7.665879769066068
-9.852937821565501
-7.419570754568117
-5.479175980466554
-8.952668595845731
-10.18563369462753
-8.434246889038334
-6.526295705675569
-6.705508342959723
-9.39204121975945
-13.12912053866203
-12.04167603513412
-9.62258615893882
-9.789251965149187
-4.512764322913689
-5.000471485640549
-9.233416190733164
-6.85830185664163
-6.57993272201017
-7.91404986041378
-8.94019586522556
-8.992537515637869
-5.740076750560299
-6.78612316258536
-8.034125829552705
-7.48689718818215
-7.839519427686
-7.296684498938395
-5.232740304375723
-6.211662710854768
-9.320687747693107
-7.86790090493739
-7.79751331254503
-10.82688199224425
-6.445756005013918
-5.230412337501416
-8.39702339902234
-5.337319596508337
-5.21596475327495
-8.156898305632177
-9.260032902382138
-4.981739234828976
-4.234659977663936
-6.578776836678003
-4.931625227123752
-4.380271975515516
-5.494965412133581
-6.063109365116668
-4.598544455980577
-4.529900248173021
-4.635252789777468
-4.152733118441226
-4.535204995139248
-3.190542480595727
-3.327975779246184
-3.474275514388779
-4.127034886799798
-5.031505755109764
-4.71828107381889
-4.672595176109418
-5.528694154509182
-3.206413797683496
-0.7602280774134513
-2.564234805895843
-3.80685836132537
-3.993821974313663
-2.995836266276163
-1.680387427812917
-2.562013796044437
-1.068109213542623
-1.291176212029399
-4.673009552119749
-4.437773435606497
-2.300553812157761
-1.868518718018219
-4.244130104096016
-2.711409065126015
-0.5194635411775206
-0.2845731252297226
-1.588023104560769
-2.996594316867622
-2.382969026174637
-2.52968897504917
-1.646423636071748
-1.495599519879834
-2.955155403267243
-3.014136171602339
-0.9541693449588482
-0.003355392114935407
-1.016917673211042
-1.377319943517177
-1.752191107585097
-0.7481887005613055
-1.27108811312256
-0.2426836164083399
0.3865543522273418
-0.9741947757691174
-1.353516958651198
-1.492931784145455
0.08605192855382326
0.1118181299342206
-1.139360822982746
-1.6695425902869
-1.594835156718632
-0.4719086688907248
0.5805370179326907
-0.403226942191242
0.1150032693173195
1.318558849585262
0.7905712967822991
-2.215850428602852
-2.630698316573991
-1.210773002122468
-0.5297036214066984
-0.7455710036291814
-0.1162540662521117
-0.3916179934850539
-1.807623464415743
-1.119472943780546
0.1819708707044677
1.833426918697947
1.461961015482442
-0.09469183226405187
-1.542947507537811
-0.9423013568938191
2.734783083014728
2.695192380928089
-0.1850099476090339
-0.1754242483549224
-0.2140068182249232
-0.08995064981222756
2.648344630079996
3.447693834134573
2.015182299224514
1.088868040762297
-0.3129351854777492
0.4864275177676425
3.049200115721076
2.102615904464008
1.209843124083811
2.384538642524503
1.839537482596578
2.174160007882711
2.594949271620361
1.896230723453744
2.518282321026218
3.196464855279972
2.607636187669659
2.201983500891991
0.9705937438352752
0.9109955642376457
1.292629832215951
0.1828496914156335
-1.799082923674942
0.03882744773688573
2.68557461818853
1.693181263529802
2.908162663264814
2.933037043926519
3.733272706737713
3.714537138639484
1.66713257901919
2.176399302782686
1.484883466051128
0.2454416452701809
1.080498990107245
3.061072190138413
1.696895301032306
-1.705685851004614
-3.224527562971458
0.7326276822802913
5.037130823026234
6.179496032891427
3.325446783508635
-0.5309795990519621
1.306541988216456
3.42291661056561
3.944512092384455
3.762980644696131
3.439136145978333
3.307619151601575
1.485334744857194
-1.025493912049138
-0.4786438104915574
0.4510581458581493
-0.8193964315426283
0.2188516863050887
0.8801238927811734
1.670459638293349
2.899609205671544
0.1150006475200046
-0.5601942654325032
0.9526063996243124
-0.6804211433952003
-1.424747407750923
-0.7753766669016446
0.3903802322114116
1.619280935406425
2.28521635169952
3.475161387022314
1.728724948025368
-0.2377893529280244
0.09142304170465843
1.013197244940235
0.2783582412019341
0.5686481303682944
2.700142192269183
2.27461019804209
-6.536095069241842
-4.909860106449671
6.033231220253239
5.994805120456119
4.396751296195369
4.826657321282161
5.42491416978676
5.568645500303134
4.699380845083496
3.75621301426879
2.890392681077273
3.397561498308241
5.509681903001336
2.670740661273834
0.9137326341559486
5.66248956879055
7.818007657511563
5.727240803704834
3.17794928798741
3.852222234528679
2.335607697141937
4.865081029410035
8.062811390975648
3.298783124229827
0.2685682459556804
1.868337402532481
1.918425015949559
-1.575800655331065
1.307098051191894
4.936566802533566
5.520613640345282
4.56643311265066
1.268056398491876
-2.92912074481468
-6.032765398175814
-9.666242011181245
-11.94768643667197
-2.479554942291791
6.422652243203971
5.653809543447046
6.538434052287148
5.349412401850581
1026
1
262153
5
names
16
316
262153
1
1
262153
1
2
262153
1
3
262153
1
4
262153
1
5
262153
1
6
262153
1
7
262153
1
8
262153
1
9
262153
2
10
262153
2
11
262153
2
12
262153
2
13
262153
2
14
262153
2
15
262153
2
16
262153
2
17
262153
2
18
262153
2
19
262153
2
20
262153
2
21
262153
2
22
262153
2
23
262153
2
24
262153
2
25
262153
2
26
262153
2
27
262153
2
28
262153
2
29
262153
2
30
262153
2
31
262153
2
32
262153
2
33
262153
2
34
262153
2
35
262153
2
36
262153
2
37
262153
2
38
262153
2
39
262153
2
40
262153
2
41
262153
2
42
262153
2
43
262153
2
44
262153
2
45
262153
2
46
262153
2
47
262153
2
48
262153
2
49
262153
2
50
262153
2
51
262153
2
52
262153
2
53
262153
2
54
262153
2
55
262153
2
56
262153
2
57
262153
2
58
262153
2
59
262153
2
60
262153
2
61
262153
2
62
262153
2
63
262153
2
64
262153
2
65
262153
2
66
262153
2
67
262153
2
68
262153
2
69
262153
2
70
262153
2
71
262153
2
72
262153
2
73
262153
2
74
262153
2
75
262153
2
76
262153
2
77
262153
2
78
262153
2
79
262153
2
80
262153
2
81
262153
2
82
262153
2
83
262153
2
84
262153
2
85
262153
2
86
262153
2
87
262153
2
88
262153
2
89
262153
2
90
262153
2
91
262153
2
92
262153
2
93
262153
2
94
262153
2
95
262153
2
96
262153
2
97
262153
2
98
262153
2
99
262153
3
100
262153
3
101
262153
3
102
262153
3
103
262153
3
104
262153
3
105
262153
3
106
262153
3
107
262153
3
108
262153
3
109
262153
3
110
262153
3
111
262153
3
112
262153
3
113
262153
3
114
262153
3
115
262153
3
116
262153
3
117
262153
3
118
262153
3
119
262153
3
120
262153
3
121
262153
3
122
262153
3
123
262153
3
124
262153
3
125
262153
3
126
262153
3
127
262153
3
128
262153
3
129
262153
3
130
262153
3
131
262153
3
132
262153
3
133
262153
3
134
262153
3
135
262153
3
136
262153
3
137
262153
3
138
262153
3
139
262153
3
140
262153
3
141
262153
3
142
262153
3
143
262153
3
144
262153
3
145
262153
3
146
262153
3
147
262153
3
148
262153
3
149
262153
3
150
262153
3
151
262153
3
152
262153
3
153
262153
3
154
262153
3
155
262153
3
156
262153
3
157
262153
3
158
262153
3
159
262153
3
160
262153
3
161
262153
3
162
262153
3
163
262153
3
164
262153
3
165
262153
3
166
262153
3
167
262153
3
168
262153
3
169
262153
3
170
262153
3
171
262153
3
172
262153
3
173
262153
3
174
262153
3
175
262153
3
176
262153
3
177
262153
3
178
262153
3
179
262153
3
180
262153
3
181
262153
3
182
262153
3
183
262153
3
184
262153
3
185
262153
3
186
262153
3
187
262153
3
188
262153
3
189
262153
3
190
262153
3
191
262153
3
192
262153
3
193
262153
3
194
262153
3
195
262153
3
196
262153
3
197
262153
3
198
262153
3
199
262153
3
200
262153
3
201
262153
3
202
262153
3
203
262153
3
204
262153
3
205
262153
3
206
262153
3
207
262153
3
208
262153
3
209
262153
3
210
262153
3
211
262153
3
212
262153
3
213
262153
3
214
262153
3
215
262153
3
216
262153
3
217
262153
3
218
262153
3
219
262153
3
220
262153
3
221
262153
3
222
262153
3
223
262153
3
224
262153
3
225
262153
3
226
262153
3
227
262153
3
228
262153
3
229
262153
3
230
262153
3
231
262153
3
232
262153
3
233
262153
3
234
262153
3
235
262153
3
236
262153
3
237
262153
3
238
262153
3
239
262153
3
240
262153
3
241
262153
3
242
262153
3
243
262153
3
244
262153
3
245
262153
3
246
262153
3
247
262153
3
248
262153
3
249
262153
3
250
262153
3
251
262153
3
252
262153
3
253
262153
3
254
262153
3
255
262153
3
256
262153
3
257
262153
3
258
262153
3
259
262153
3
260
262153
3
261
262153
3
262
262153
3
263
262153
3
264
262153
3
265
262153
3
266
262153
3
267
262153
3
268
262153
3
269
262153
3
270
262153
3
271
262153
3
272
262153
3
273
262153
3
274
262153
3
275
262153
3
276
262153
3
277
262153
3
278
262153
3
279
262153
3
280
262153
3
281
262153
3
282
262153
3
283
262153
3
284
262153
3
285
262153
3
286
262153
3
287
262153
3
288
262153
3
289
262153
3
290
262153
3
291
262153
3
292
262153
3
293
262153
3
294
262153
3
295
262153
3
296
262153
3
297
262153
3
298
262153
3
299
262153
3
300
262153
3
301
262153
3
302
262153
3
303
262153
3
304
262153
3
305
262153
3
306
262153
3
307
262153
3
308
262153
3
309
262153
3
310
262153
3
311
262153
3
312
262153
3
313
262153
3
314
262153
3
315
262153
3
316
254
13
2
NA
0
254
254
